10000 70
5475 1684
0 345
83 366
7 78
60 241
50 263
73 394
71 322
41 96
103 366
4 65
125 289
22 247
13 247
0 90
134 384
59 57
44 388
92 246
28 86
109 137
46 370
100 30
35 136
136 169
93 332
70 67
97 37
2 264
102 327
133 271
13 278
115 202
37 367
100 327
133 155
130 116
124 167
42 343
77 360
7 335
89 286
114 296
50 222
11 80
106 324
135 383
111 90
46 274
76 83
107 410
20 392
31 238
58 52
24 182
103 296
10 315
71 428
20 356
129 397
76 113
1 407
82 290
45 58
84 369
101 180
24 48
65 161
89 217
126 82
140 228
