10000 75
6556 6679
0 343
45 26
110 23
116 259
32 389
94 325
58 416
93 396
113 83
10 330
80 124
76 401
18 137
100 433
7 253
79 356
48 386
49 297
51 68
55 108
58 155
2 13
67 193
78 414
114 127
63 347
44 218
121 303
29 246
62 172
56 38
99 245
45 298
97 247
80 210
8 137
26 396
86 42
5 325
86 220
90 332
68 56
52 423
118 15
44 43
10 65
95 138
16 214
49 324
55 352
126 163
81 26
53 184
58 410
50 420
121 336
6 232
42 287
19 31
100 424
70 434
51 352
117 276
24 232
27 409
66 50
77 283
126 69
7 308
105 363
76 100
96 179
21 296
105 87
21 25
