6000 75
427 5708
0 59
34 329
77 103
6 97
63 335
14 126
18 231
46 166
66 54
51 173
31 289
6 268
64 270
74 89
57 332
49 265
51 257
7 26
9 85
20 296
71 113
1 306
49 194
69 299
24 140
14 57
70 42
18 218
5 74
57 121
59 276
61 108
37 306
69 285
10 74
38 100
21 157
65 23
58 109
63 214
61 143
73 110
13 86
2 283
50 190
64 179
39 46
72 188
24 137
36 200
66 34
76 288
13 68
7 242
21 51
1 115
58 309
5 324
5 104
74 6
17 317
22 12
66 204
72 131
22 55
79 45
26 278
8 129
66 222
56 152
60 187
13 322
28 99
47 260
0 17
