8000 75
7399 2421
0 353
89 85
7 29
36 316
45 366
90 273
87 104
46 196
88 312
11 97
52 98
27 354
55 6
15 201
92 252
74 286
74 285
90 6
25 363
55 76
5 235
9 135
7 304
105 279
31 276
42 71
48 168
22 274
33 322
34 322
90 302
7 144
28 44
33 152
47 311
63 16
103 319
54 132
62 12
54 139
15 100
51 383
23 192
41 355
97 28
60 172
8 303
53 82
98 305
83 14
101 187
70 277
32 155
77 311
60 219
28 223
28 262
89 117
76 363
66 368
81 40
97 297
56 236
102 92
35 251
2 185
27 337
94 335
71 75
54 43
12 249
104 52
39 335
89 28
58 366
